url,product_id
http://sdc-legos.s3.amazonaws.com/images/toy_00394.jpg,1
http://sdc-legos.s3.amazonaws.com/images/toy_00917.jpg,2
http://sdc-legos.s3.amazonaws.com/images/toy_00556.jpg,3
http://sdc-legos.s3.amazonaws.com/images/toy_00104.jpg,4
http://sdc-legos.s3.amazonaws.com/images/toy_00844.jpg,5
http://sdc-legos.s3.amazonaws.com/images/toy_00557.jpg,6
http://sdc-legos.s3.amazonaws.com/images/toy_00539.jpg,7
http://sdc-legos.s3.amazonaws.com/images/toy_00057.jpg,8
http://sdc-legos.s3.amazonaws.com/images/toy_00485.jpg,9
http://sdc-legos.s3.amazonaws.com/images/toy_00697.jpg,10
http://sdc-legos.s3.amazonaws.com/images/toy_00864.jpg,11
http://sdc-legos.s3.amazonaws.com/images/toy_00837.jpg,12
http://sdc-legos.s3.amazonaws.com/images/toy_00804.jpg,13
http://sdc-legos.s3.amazonaws.com/images/toy_00010.jpg,14
http://sdc-legos.s3.amazonaws.com/images/toy_00604.jpg,15
http://sdc-legos.s3.amazonaws.com/images/toy_00304.jpg,16
http://sdc-legos.s3.amazonaws.com/images/toy_00739.jpg,17
http://sdc-legos.s3.amazonaws.com/images/toy_00970.jpg,18
http://sdc-legos.s3.amazonaws.com/images/toy_00210.jpg,19
http://sdc-legos.s3.amazonaws.com/images/toy_00929.jpg,20
http://sdc-legos.s3.amazonaws.com/images/toy_00651.jpg,21
http://sdc-legos.s3.amazonaws.com/images/toy_00421.jpg,22
http://sdc-legos.s3.amazonaws.com/images/toy_00251.jpg,23
http://sdc-legos.s3.amazonaws.com/images/toy_00313.jpg,24
http://sdc-legos.s3.amazonaws.com/images/toy_00831.jpg,25
http://sdc-legos.s3.amazonaws.com/images/toy_00621.jpg,26
http://sdc-legos.s3.amazonaws.com/images/toy_00336.jpg,27
http://sdc-legos.s3.amazonaws.com/images/toy_00624.jpg,28
http://sdc-legos.s3.amazonaws.com/images/toy_00636.jpg,29
http://sdc-legos.s3.amazonaws.com/images/toy_00633.jpg,30
http://sdc-legos.s3.amazonaws.com/images/toy_00939.jpg,31
http://sdc-legos.s3.amazonaws.com/images/toy_00364.jpg,32
http://sdc-legos.s3.amazonaws.com/images/toy_00099.jpg,33
http://sdc-legos.s3.amazonaws.com/images/toy_00256.jpg,34
http://sdc-legos.s3.amazonaws.com/images/toy_00035.jpg,35
http://sdc-legos.s3.amazonaws.com/images/toy_00292.jpg,36
http://sdc-legos.s3.amazonaws.com/images/toy_00735.jpg,37
http://sdc-legos.s3.amazonaws.com/images/toy_00190.jpg,38
http://sdc-legos.s3.amazonaws.com/images/toy_00236.jpg,39
http://sdc-legos.s3.amazonaws.com/images/toy_00060.jpg,40
http://sdc-legos.s3.amazonaws.com/images/toy_00713.jpg,41
http://sdc-legos.s3.amazonaws.com/images/toy_00147.jpg,42
http://sdc-legos.s3.amazonaws.com/images/toy_00603.jpg,43
http://sdc-legos.s3.amazonaws.com/images/toy_00565.jpg,44
http://sdc-legos.s3.amazonaws.com/images/toy_00412.jpg,45
http://sdc-legos.s3.amazonaws.com/images/toy_00054.jpg,46
http://sdc-legos.s3.amazonaws.com/images/toy_00482.jpg,47
http://sdc-legos.s3.amazonaws.com/images/toy_00850.jpg,48
http://sdc-legos.s3.amazonaws.com/images/toy_00291.jpg,49
http://sdc-legos.s3.amazonaws.com/images/toy_00011.jpg,50
http://sdc-legos.s3.amazonaws.com/images/toy_00642.jpg,51
http://sdc-legos.s3.amazonaws.com/images/toy_00611.jpg,52
http://sdc-legos.s3.amazonaws.com/images/toy_00176.jpg,53
http://sdc-legos.s3.amazonaws.com/images/toy_00505.jpg,54
http://sdc-legos.s3.amazonaws.com/images/toy_00884.jpg,55
http://sdc-legos.s3.amazonaws.com/images/toy_00083.jpg,56
http://sdc-legos.s3.amazonaws.com/images/toy_00639.jpg,57
http://sdc-legos.s3.amazonaws.com/images/toy_00988.jpg,58
http://sdc-legos.s3.amazonaws.com/images/toy_00829.jpg,59
http://sdc-legos.s3.amazonaws.com/images/toy_00749.jpg,60
http://sdc-legos.s3.amazonaws.com/images/toy_00789.jpg,61
http://sdc-legos.s3.amazonaws.com/images/toy_00919.jpg,62
http://sdc-legos.s3.amazonaws.com/images/toy_00500.jpg,63
http://sdc-legos.s3.amazonaws.com/images/toy_00883.jpg,64
http://sdc-legos.s3.amazonaws.com/images/toy_00743.jpg,65
http://sdc-legos.s3.amazonaws.com/images/toy_00348.jpg,66
http://sdc-legos.s3.amazonaws.com/images/toy_00246.jpg,67
http://sdc-legos.s3.amazonaws.com/images/toy_00206.jpg,68
http://sdc-legos.s3.amazonaws.com/images/toy_00766.jpg,69
http://sdc-legos.s3.amazonaws.com/images/toy_00117.jpg,70
http://sdc-legos.s3.amazonaws.com/images/toy_00106.jpg,71
http://sdc-legos.s3.amazonaws.com/images/toy_00261.jpg,72
http://sdc-legos.s3.amazonaws.com/images/toy_00391.jpg,73
http://sdc-legos.s3.amazonaws.com/images/toy_00424.jpg,74
http://sdc-legos.s3.amazonaws.com/images/toy_00482.jpg,75
http://sdc-legos.s3.amazonaws.com/images/toy_00423.jpg,76
http://sdc-legos.s3.amazonaws.com/images/toy_00399.jpg,77
http://sdc-legos.s3.amazonaws.com/images/toy_00780.jpg,78
http://sdc-legos.s3.amazonaws.com/images/toy_00378.jpg,79
http://sdc-legos.s3.amazonaws.com/images/toy_00065.jpg,80
http://sdc-legos.s3.amazonaws.com/images/toy_00962.jpg,81
http://sdc-legos.s3.amazonaws.com/images/toy_00377.jpg,82
http://sdc-legos.s3.amazonaws.com/images/toy_00719.jpg,83
http://sdc-legos.s3.amazonaws.com/images/toy_00797.jpg,84
http://sdc-legos.s3.amazonaws.com/images/toy_00863.jpg,85
http://sdc-legos.s3.amazonaws.com/images/toy_00427.jpg,86
http://sdc-legos.s3.amazonaws.com/images/toy_00886.jpg,87
http://sdc-legos.s3.amazonaws.com/images/toy_00926.jpg,88
http://sdc-legos.s3.amazonaws.com/images/toy_00590.jpg,89
http://sdc-legos.s3.amazonaws.com/images/toy_00616.jpg,90
http://sdc-legos.s3.amazonaws.com/images/toy_00594.jpg,91
http://sdc-legos.s3.amazonaws.com/images/toy_00458.jpg,92
http://sdc-legos.s3.amazonaws.com/images/toy_00761.jpg,93
http://sdc-legos.s3.amazonaws.com/images/toy_00985.jpg,94
http://sdc-legos.s3.amazonaws.com/images/toy_00759.jpg,95
http://sdc-legos.s3.amazonaws.com/images/toy_00893.jpg,96
http://sdc-legos.s3.amazonaws.com/images/toy_00106.jpg,97
http://sdc-legos.s3.amazonaws.com/images/toy_00331.jpg,98
http://sdc-legos.s3.amazonaws.com/images/toy_00215.jpg,99
http://sdc-legos.s3.amazonaws.com/images/toy_00739.jpg,100
http://sdc-legos.s3.amazonaws.com/images/toy_00165.jpg,101
http://sdc-legos.s3.amazonaws.com/images/toy_00551.jpg,102
http://sdc-legos.s3.amazonaws.com/images/toy_00880.jpg,103
http://sdc-legos.s3.amazonaws.com/images/toy_00183.jpg,104
http://sdc-legos.s3.amazonaws.com/images/toy_00136.jpg,105
http://sdc-legos.s3.amazonaws.com/images/toy_00550.jpg,106
http://sdc-legos.s3.amazonaws.com/images/toy_00816.jpg,107
http://sdc-legos.s3.amazonaws.com/images/toy_00260.jpg,108
http://sdc-legos.s3.amazonaws.com/images/toy_00541.jpg,109
http://sdc-legos.s3.amazonaws.com/images/toy_00546.jpg,110
http://sdc-legos.s3.amazonaws.com/images/toy_00453.jpg,111
http://sdc-legos.s3.amazonaws.com/images/toy_00664.jpg,112
http://sdc-legos.s3.amazonaws.com/images/toy_00162.jpg,113
http://sdc-legos.s3.amazonaws.com/images/toy_00322.jpg,114
http://sdc-legos.s3.amazonaws.com/images/toy_00620.jpg,115
http://sdc-legos.s3.amazonaws.com/images/toy_00117.jpg,116
http://sdc-legos.s3.amazonaws.com/images/toy_00682.jpg,117
http://sdc-legos.s3.amazonaws.com/images/toy_00015.jpg,118
http://sdc-legos.s3.amazonaws.com/images/toy_00042.jpg,119
http://sdc-legos.s3.amazonaws.com/images/toy_00691.jpg,120
http://sdc-legos.s3.amazonaws.com/images/toy_00575.jpg,121
http://sdc-legos.s3.amazonaws.com/images/toy_00159.jpg,122
http://sdc-legos.s3.amazonaws.com/images/toy_00906.jpg,123
http://sdc-legos.s3.amazonaws.com/images/toy_00911.jpg,124
http://sdc-legos.s3.amazonaws.com/images/toy_00888.jpg,125
http://sdc-legos.s3.amazonaws.com/images/toy_00575.jpg,126
http://sdc-legos.s3.amazonaws.com/images/toy_00327.jpg,127
http://sdc-legos.s3.amazonaws.com/images/toy_00103.jpg,128
http://sdc-legos.s3.amazonaws.com/images/toy_00517.jpg,129
http://sdc-legos.s3.amazonaws.com/images/toy_00500.jpg,130
http://sdc-legos.s3.amazonaws.com/images/toy_00730.jpg,131
http://sdc-legos.s3.amazonaws.com/images/toy_00565.jpg,132
http://sdc-legos.s3.amazonaws.com/images/toy_00427.jpg,133
http://sdc-legos.s3.amazonaws.com/images/toy_00216.jpg,134
http://sdc-legos.s3.amazonaws.com/images/toy_00216.jpg,135
http://sdc-legos.s3.amazonaws.com/images/toy_00848.jpg,136
http://sdc-legos.s3.amazonaws.com/images/toy_00867.jpg,137
http://sdc-legos.s3.amazonaws.com/images/toy_00003.jpg,138
http://sdc-legos.s3.amazonaws.com/images/toy_00433.jpg,139
http://sdc-legos.s3.amazonaws.com/images/toy_00483.jpg,140
http://sdc-legos.s3.amazonaws.com/images/toy_00734.jpg,141
http://sdc-legos.s3.amazonaws.com/images/toy_00142.jpg,142
http://sdc-legos.s3.amazonaws.com/images/toy_00618.jpg,143
http://sdc-legos.s3.amazonaws.com/images/toy_00436.jpg,144
http://sdc-legos.s3.amazonaws.com/images/toy_00746.jpg,145
http://sdc-legos.s3.amazonaws.com/images/toy_00690.jpg,146
http://sdc-legos.s3.amazonaws.com/images/toy_00051.jpg,147
http://sdc-legos.s3.amazonaws.com/images/toy_00009.jpg,148
http://sdc-legos.s3.amazonaws.com/images/toy_00684.jpg,149
http://sdc-legos.s3.amazonaws.com/images/toy_00492.jpg,150
http://sdc-legos.s3.amazonaws.com/images/toy_00681.jpg,151
http://sdc-legos.s3.amazonaws.com/images/toy_00349.jpg,152
http://sdc-legos.s3.amazonaws.com/images/toy_00793.jpg,153
http://sdc-legos.s3.amazonaws.com/images/toy_00188.jpg,154
http://sdc-legos.s3.amazonaws.com/images/toy_00857.jpg,155
http://sdc-legos.s3.amazonaws.com/images/toy_00807.jpg,156
http://sdc-legos.s3.amazonaws.com/images/toy_00163.jpg,157
http://sdc-legos.s3.amazonaws.com/images/toy_00478.jpg,158
http://sdc-legos.s3.amazonaws.com/images/toy_00628.jpg,159
http://sdc-legos.s3.amazonaws.com/images/toy_00011.jpg,160
http://sdc-legos.s3.amazonaws.com/images/toy_00875.jpg,161
http://sdc-legos.s3.amazonaws.com/images/toy_00746.jpg,162
http://sdc-legos.s3.amazonaws.com/images/toy_00887.jpg,163
http://sdc-legos.s3.amazonaws.com/images/toy_00374.jpg,164
http://sdc-legos.s3.amazonaws.com/images/toy_00384.jpg,165
http://sdc-legos.s3.amazonaws.com/images/toy_00802.jpg,166
http://sdc-legos.s3.amazonaws.com/images/toy_00852.jpg,167
http://sdc-legos.s3.amazonaws.com/images/toy_00524.jpg,168
http://sdc-legos.s3.amazonaws.com/images/toy_00990.jpg,169
http://sdc-legos.s3.amazonaws.com/images/toy_00994.jpg,170
http://sdc-legos.s3.amazonaws.com/images/toy_00927.jpg,171
http://sdc-legos.s3.amazonaws.com/images/toy_00893.jpg,172
http://sdc-legos.s3.amazonaws.com/images/toy_00893.jpg,173
http://sdc-legos.s3.amazonaws.com/images/toy_00904.jpg,174
http://sdc-legos.s3.amazonaws.com/images/toy_00539.jpg,175
http://sdc-legos.s3.amazonaws.com/images/toy_00007.jpg,176
http://sdc-legos.s3.amazonaws.com/images/toy_00007.jpg,177
http://sdc-legos.s3.amazonaws.com/images/toy_00357.jpg,178
http://sdc-legos.s3.amazonaws.com/images/toy_00918.jpg,179
http://sdc-legos.s3.amazonaws.com/images/toy_00724.jpg,180
http://sdc-legos.s3.amazonaws.com/images/toy_00916.jpg,181
http://sdc-legos.s3.amazonaws.com/images/toy_00902.jpg,182
http://sdc-legos.s3.amazonaws.com/images/toy_00879.jpg,183
http://sdc-legos.s3.amazonaws.com/images/toy_00558.jpg,184
http://sdc-legos.s3.amazonaws.com/images/toy_00429.jpg,185
http://sdc-legos.s3.amazonaws.com/images/toy_00559.jpg,186
http://sdc-legos.s3.amazonaws.com/images/toy_00801.jpg,187
http://sdc-legos.s3.amazonaws.com/images/toy_00293.jpg,188
http://sdc-legos.s3.amazonaws.com/images/toy_00676.jpg,189
http://sdc-legos.s3.amazonaws.com/images/toy_00349.jpg,190
http://sdc-legos.s3.amazonaws.com/images/toy_00129.jpg,191
http://sdc-legos.s3.amazonaws.com/images/toy_00804.jpg,192
http://sdc-legos.s3.amazonaws.com/images/toy_00765.jpg,193
http://sdc-legos.s3.amazonaws.com/images/toy_00359.jpg,194
http://sdc-legos.s3.amazonaws.com/images/toy_00059.jpg,195
http://sdc-legos.s3.amazonaws.com/images/toy_00643.jpg,196
http://sdc-legos.s3.amazonaws.com/images/toy_00103.jpg,197
http://sdc-legos.s3.amazonaws.com/images/toy_00158.jpg,198
http://sdc-legos.s3.amazonaws.com/images/toy_00037.jpg,199
http://sdc-legos.s3.amazonaws.com/images/toy_00403.jpg,200
http://sdc-legos.s3.amazonaws.com/images/toy_00743.jpg,201
http://sdc-legos.s3.amazonaws.com/images/toy_00821.jpg,202
http://sdc-legos.s3.amazonaws.com/images/toy_00423.jpg,203
http://sdc-legos.s3.amazonaws.com/images/toy_00333.jpg,204
http://sdc-legos.s3.amazonaws.com/images/toy_00561.jpg,205
http://sdc-legos.s3.amazonaws.com/images/toy_00552.jpg,206
http://sdc-legos.s3.amazonaws.com/images/toy_00464.jpg,207
http://sdc-legos.s3.amazonaws.com/images/toy_00604.jpg,208
http://sdc-legos.s3.amazonaws.com/images/toy_00953.jpg,209
http://sdc-legos.s3.amazonaws.com/images/toy_00360.jpg,210
http://sdc-legos.s3.amazonaws.com/images/toy_00897.jpg,211
http://sdc-legos.s3.amazonaws.com/images/toy_00103.jpg,212
http://sdc-legos.s3.amazonaws.com/images/toy_00269.jpg,213
http://sdc-legos.s3.amazonaws.com/images/toy_00773.jpg,214
http://sdc-legos.s3.amazonaws.com/images/toy_00831.jpg,215
http://sdc-legos.s3.amazonaws.com/images/toy_00503.jpg,216
http://sdc-legos.s3.amazonaws.com/images/toy_00996.jpg,217
http://sdc-legos.s3.amazonaws.com/images/toy_00894.jpg,218
http://sdc-legos.s3.amazonaws.com/images/toy_00775.jpg,219
http://sdc-legos.s3.amazonaws.com/images/toy_00900.jpg,220
http://sdc-legos.s3.amazonaws.com/images/toy_00780.jpg,221
http://sdc-legos.s3.amazonaws.com/images/toy_00618.jpg,222
http://sdc-legos.s3.amazonaws.com/images/toy_00480.jpg,223
http://sdc-legos.s3.amazonaws.com/images/toy_00467.jpg,224
http://sdc-legos.s3.amazonaws.com/images/toy_00198.jpg,225
http://sdc-legos.s3.amazonaws.com/images/toy_00239.jpg,226
http://sdc-legos.s3.amazonaws.com/images/toy_00185.jpg,227
http://sdc-legos.s3.amazonaws.com/images/toy_00223.jpg,228
http://sdc-legos.s3.amazonaws.com/images/toy_00586.jpg,229
http://sdc-legos.s3.amazonaws.com/images/toy_00640.jpg,230
http://sdc-legos.s3.amazonaws.com/images/toy_00696.jpg,231
http://sdc-legos.s3.amazonaws.com/images/toy_00848.jpg,232
http://sdc-legos.s3.amazonaws.com/images/toy_00396.jpg,233
http://sdc-legos.s3.amazonaws.com/images/toy_00769.jpg,234
http://sdc-legos.s3.amazonaws.com/images/toy_00288.jpg,235
http://sdc-legos.s3.amazonaws.com/images/toy_00494.jpg,236
http://sdc-legos.s3.amazonaws.com/images/toy_00549.jpg,237
http://sdc-legos.s3.amazonaws.com/images/toy_00302.jpg,238
http://sdc-legos.s3.amazonaws.com/images/toy_00860.jpg,239
http://sdc-legos.s3.amazonaws.com/images/toy_00813.jpg,240
http://sdc-legos.s3.amazonaws.com/images/toy_00067.jpg,241
http://sdc-legos.s3.amazonaws.com/images/toy_00182.jpg,242
http://sdc-legos.s3.amazonaws.com/images/toy_00276.jpg,243
http://sdc-legos.s3.amazonaws.com/images/toy_00406.jpg,244
http://sdc-legos.s3.amazonaws.com/images/toy_00288.jpg,245
http://sdc-legos.s3.amazonaws.com/images/toy_00483.jpg,246
http://sdc-legos.s3.amazonaws.com/images/toy_00341.jpg,247
http://sdc-legos.s3.amazonaws.com/images/toy_00045.jpg,248
http://sdc-legos.s3.amazonaws.com/images/toy_00286.jpg,249
http://sdc-legos.s3.amazonaws.com/images/toy_00542.jpg,250
http://sdc-legos.s3.amazonaws.com/images/toy_00984.jpg,251
http://sdc-legos.s3.amazonaws.com/images/toy_00601.jpg,252
http://sdc-legos.s3.amazonaws.com/images/toy_00897.jpg,253
http://sdc-legos.s3.amazonaws.com/images/toy_00334.jpg,254
http://sdc-legos.s3.amazonaws.com/images/toy_00519.jpg,255
http://sdc-legos.s3.amazonaws.com/images/toy_00688.jpg,256
http://sdc-legos.s3.amazonaws.com/images/toy_00062.jpg,257
http://sdc-legos.s3.amazonaws.com/images/toy_00221.jpg,258
http://sdc-legos.s3.amazonaws.com/images/toy_00117.jpg,259
http://sdc-legos.s3.amazonaws.com/images/toy_00004.jpg,260
http://sdc-legos.s3.amazonaws.com/images/toy_00114.jpg,261
http://sdc-legos.s3.amazonaws.com/images/toy_00955.jpg,262
http://sdc-legos.s3.amazonaws.com/images/toy_00769.jpg,263
http://sdc-legos.s3.amazonaws.com/images/toy_00253.jpg,264
http://sdc-legos.s3.amazonaws.com/images/toy_00951.jpg,265
http://sdc-legos.s3.amazonaws.com/images/toy_00371.jpg,266
http://sdc-legos.s3.amazonaws.com/images/toy_00757.jpg,267
http://sdc-legos.s3.amazonaws.com/images/toy_00996.jpg,268
http://sdc-legos.s3.amazonaws.com/images/toy_00633.jpg,269
http://sdc-legos.s3.amazonaws.com/images/toy_00129.jpg,270
http://sdc-legos.s3.amazonaws.com/images/toy_00272.jpg,271
http://sdc-legos.s3.amazonaws.com/images/toy_00636.jpg,272
http://sdc-legos.s3.amazonaws.com/images/toy_00140.jpg,273
http://sdc-legos.s3.amazonaws.com/images/toy_00926.jpg,274
http://sdc-legos.s3.amazonaws.com/images/toy_00697.jpg,275
http://sdc-legos.s3.amazonaws.com/images/toy_00524.jpg,276
http://sdc-legos.s3.amazonaws.com/images/toy_00355.jpg,277
http://sdc-legos.s3.amazonaws.com/images/toy_00156.jpg,278
http://sdc-legos.s3.amazonaws.com/images/toy_00365.jpg,279
http://sdc-legos.s3.amazonaws.com/images/toy_00458.jpg,280
http://sdc-legos.s3.amazonaws.com/images/toy_00756.jpg,281
http://sdc-legos.s3.amazonaws.com/images/toy_00210.jpg,282
http://sdc-legos.s3.amazonaws.com/images/toy_00565.jpg,283
http://sdc-legos.s3.amazonaws.com/images/toy_00963.jpg,284
http://sdc-legos.s3.amazonaws.com/images/toy_00460.jpg,285
http://sdc-legos.s3.amazonaws.com/images/toy_00907.jpg,286
http://sdc-legos.s3.amazonaws.com/images/toy_00555.jpg,287
http://sdc-legos.s3.amazonaws.com/images/toy_00185.jpg,288
http://sdc-legos.s3.amazonaws.com/images/toy_00578.jpg,289
http://sdc-legos.s3.amazonaws.com/images/toy_00227.jpg,290
http://sdc-legos.s3.amazonaws.com/images/toy_00362.jpg,291
http://sdc-legos.s3.amazonaws.com/images/toy_00722.jpg,292
http://sdc-legos.s3.amazonaws.com/images/toy_00746.jpg,293
http://sdc-legos.s3.amazonaws.com/images/toy_00433.jpg,294
http://sdc-legos.s3.amazonaws.com/images/toy_00393.jpg,295
http://sdc-legos.s3.amazonaws.com/images/toy_00365.jpg,296
http://sdc-legos.s3.amazonaws.com/images/toy_00690.jpg,297
http://sdc-legos.s3.amazonaws.com/images/toy_00055.jpg,298
http://sdc-legos.s3.amazonaws.com/images/toy_00926.jpg,299
http://sdc-legos.s3.amazonaws.com/images/toy_00929.jpg,300
http://sdc-legos.s3.amazonaws.com/images/toy_00523.jpg,301
http://sdc-legos.s3.amazonaws.com/images/toy_00176.jpg,302
http://sdc-legos.s3.amazonaws.com/images/toy_00643.jpg,303
http://sdc-legos.s3.amazonaws.com/images/toy_00259.jpg,304
http://sdc-legos.s3.amazonaws.com/images/toy_00234.jpg,305
http://sdc-legos.s3.amazonaws.com/images/toy_00281.jpg,306
http://sdc-legos.s3.amazonaws.com/images/toy_00728.jpg,307
http://sdc-legos.s3.amazonaws.com/images/toy_00115.jpg,308
http://sdc-legos.s3.amazonaws.com/images/toy_00604.jpg,309
http://sdc-legos.s3.amazonaws.com/images/toy_00122.jpg,310
http://sdc-legos.s3.amazonaws.com/images/toy_00840.jpg,311
http://sdc-legos.s3.amazonaws.com/images/toy_00848.jpg,312
http://sdc-legos.s3.amazonaws.com/images/toy_00652.jpg,313
http://sdc-legos.s3.amazonaws.com/images/toy_00479.jpg,314
http://sdc-legos.s3.amazonaws.com/images/toy_00865.jpg,315
http://sdc-legos.s3.amazonaws.com/images/toy_00211.jpg,316
http://sdc-legos.s3.amazonaws.com/images/toy_00707.jpg,317
http://sdc-legos.s3.amazonaws.com/images/toy_00078.jpg,318
http://sdc-legos.s3.amazonaws.com/images/toy_00693.jpg,319
http://sdc-legos.s3.amazonaws.com/images/toy_00282.jpg,320
http://sdc-legos.s3.amazonaws.com/images/toy_00325.jpg,321
http://sdc-legos.s3.amazonaws.com/images/toy_00238.jpg,322
http://sdc-legos.s3.amazonaws.com/images/toy_00748.jpg,323
http://sdc-legos.s3.amazonaws.com/images/toy_00508.jpg,324
http://sdc-legos.s3.amazonaws.com/images/toy_00431.jpg,325
http://sdc-legos.s3.amazonaws.com/images/toy_00670.jpg,326
http://sdc-legos.s3.amazonaws.com/images/toy_00990.jpg,327
http://sdc-legos.s3.amazonaws.com/images/toy_00544.jpg,328
http://sdc-legos.s3.amazonaws.com/images/toy_00461.jpg,329
http://sdc-legos.s3.amazonaws.com/images/toy_00050.jpg,330
http://sdc-legos.s3.amazonaws.com/images/toy_00507.jpg,331
http://sdc-legos.s3.amazonaws.com/images/toy_00799.jpg,332
http://sdc-legos.s3.amazonaws.com/images/toy_00586.jpg,333
http://sdc-legos.s3.amazonaws.com/images/toy_00840.jpg,334
http://sdc-legos.s3.amazonaws.com/images/toy_00254.jpg,335
http://sdc-legos.s3.amazonaws.com/images/toy_00149.jpg,336
http://sdc-legos.s3.amazonaws.com/images/toy_00095.jpg,337
http://sdc-legos.s3.amazonaws.com/images/toy_00012.jpg,338
http://sdc-legos.s3.amazonaws.com/images/toy_00939.jpg,339
http://sdc-legos.s3.amazonaws.com/images/toy_00587.jpg,340
http://sdc-legos.s3.amazonaws.com/images/toy_00526.jpg,341
http://sdc-legos.s3.amazonaws.com/images/toy_00901.jpg,342
http://sdc-legos.s3.amazonaws.com/images/toy_00706.jpg,343
http://sdc-legos.s3.amazonaws.com/images/toy_00678.jpg,344
http://sdc-legos.s3.amazonaws.com/images/toy_00932.jpg,345
http://sdc-legos.s3.amazonaws.com/images/toy_00711.jpg,346
http://sdc-legos.s3.amazonaws.com/images/toy_00859.jpg,347
http://sdc-legos.s3.amazonaws.com/images/toy_00757.jpg,348
http://sdc-legos.s3.amazonaws.com/images/toy_00700.jpg,349
http://sdc-legos.s3.amazonaws.com/images/toy_00673.jpg,350
http://sdc-legos.s3.amazonaws.com/images/toy_00184.jpg,351
http://sdc-legos.s3.amazonaws.com/images/toy_00174.jpg,352
http://sdc-legos.s3.amazonaws.com/images/toy_00641.jpg,353
http://sdc-legos.s3.amazonaws.com/images/toy_00987.jpg,354
http://sdc-legos.s3.amazonaws.com/images/toy_00997.jpg,355
http://sdc-legos.s3.amazonaws.com/images/toy_00103.jpg,356
http://sdc-legos.s3.amazonaws.com/images/toy_00376.jpg,357
http://sdc-legos.s3.amazonaws.com/images/toy_00849.jpg,358
http://sdc-legos.s3.amazonaws.com/images/toy_00528.jpg,359
http://sdc-legos.s3.amazonaws.com/images/toy_00420.jpg,360
http://sdc-legos.s3.amazonaws.com/images/toy_00585.jpg,361
http://sdc-legos.s3.amazonaws.com/images/toy_00466.jpg,362
http://sdc-legos.s3.amazonaws.com/images/toy_00827.jpg,363
http://sdc-legos.s3.amazonaws.com/images/toy_00867.jpg,364
http://sdc-legos.s3.amazonaws.com/images/toy_00060.jpg,365
http://sdc-legos.s3.amazonaws.com/images/toy_00475.jpg,366
http://sdc-legos.s3.amazonaws.com/images/toy_00307.jpg,367
http://sdc-legos.s3.amazonaws.com/images/toy_00601.jpg,368
http://sdc-legos.s3.amazonaws.com/images/toy_00582.jpg,369
http://sdc-legos.s3.amazonaws.com/images/toy_00133.jpg,370
http://sdc-legos.s3.amazonaws.com/images/toy_00960.jpg,371
http://sdc-legos.s3.amazonaws.com/images/toy_00813.jpg,372
http://sdc-legos.s3.amazonaws.com/images/toy_00390.jpg,373
http://sdc-legos.s3.amazonaws.com/images/toy_00793.jpg,374
http://sdc-legos.s3.amazonaws.com/images/toy_00569.jpg,375
http://sdc-legos.s3.amazonaws.com/images/toy_00894.jpg,376
http://sdc-legos.s3.amazonaws.com/images/toy_00494.jpg,377
http://sdc-legos.s3.amazonaws.com/images/toy_00414.jpg,378
http://sdc-legos.s3.amazonaws.com/images/toy_00916.jpg,379
http://sdc-legos.s3.amazonaws.com/images/toy_00964.jpg,380
http://sdc-legos.s3.amazonaws.com/images/toy_00989.jpg,381
http://sdc-legos.s3.amazonaws.com/images/toy_00012.jpg,382
http://sdc-legos.s3.amazonaws.com/images/toy_00959.jpg,383
http://sdc-legos.s3.amazonaws.com/images/toy_00927.jpg,384
http://sdc-legos.s3.amazonaws.com/images/toy_00332.jpg,385
http://sdc-legos.s3.amazonaws.com/images/toy_00103.jpg,386
http://sdc-legos.s3.amazonaws.com/images/toy_00868.jpg,387
http://sdc-legos.s3.amazonaws.com/images/toy_00363.jpg,388
http://sdc-legos.s3.amazonaws.com/images/toy_00583.jpg,389
http://sdc-legos.s3.amazonaws.com/images/toy_00497.jpg,390
http://sdc-legos.s3.amazonaws.com/images/toy_00883.jpg,391
http://sdc-legos.s3.amazonaws.com/images/toy_00839.jpg,392
http://sdc-legos.s3.amazonaws.com/images/toy_00471.jpg,393
http://sdc-legos.s3.amazonaws.com/images/toy_00859.jpg,394
http://sdc-legos.s3.amazonaws.com/images/toy_00173.jpg,395
http://sdc-legos.s3.amazonaws.com/images/toy_00629.jpg,396
http://sdc-legos.s3.amazonaws.com/images/toy_00178.jpg,397
http://sdc-legos.s3.amazonaws.com/images/toy_00325.jpg,398
http://sdc-legos.s3.amazonaws.com/images/toy_00368.jpg,399
http://sdc-legos.s3.amazonaws.com/images/toy_00578.jpg,400
http://sdc-legos.s3.amazonaws.com/images/toy_00372.jpg,401
http://sdc-legos.s3.amazonaws.com/images/toy_00828.jpg,402
http://sdc-legos.s3.amazonaws.com/images/toy_00680.jpg,403
http://sdc-legos.s3.amazonaws.com/images/toy_00302.jpg,404
http://sdc-legos.s3.amazonaws.com/images/toy_00201.jpg,405
http://sdc-legos.s3.amazonaws.com/images/toy_00601.jpg,406
http://sdc-legos.s3.amazonaws.com/images/toy_00723.jpg,407
http://sdc-legos.s3.amazonaws.com/images/toy_00460.jpg,408
http://sdc-legos.s3.amazonaws.com/images/toy_00922.jpg,409
http://sdc-legos.s3.amazonaws.com/images/toy_00056.jpg,410
http://sdc-legos.s3.amazonaws.com/images/toy_00065.jpg,411
http://sdc-legos.s3.amazonaws.com/images/toy_00651.jpg,412
http://sdc-legos.s3.amazonaws.com/images/toy_00310.jpg,413
http://sdc-legos.s3.amazonaws.com/images/toy_00950.jpg,414
http://sdc-legos.s3.amazonaws.com/images/toy_00799.jpg,415
http://sdc-legos.s3.amazonaws.com/images/toy_00108.jpg,416
http://sdc-legos.s3.amazonaws.com/images/toy_00984.jpg,417
http://sdc-legos.s3.amazonaws.com/images/toy_00155.jpg,418
http://sdc-legos.s3.amazonaws.com/images/toy_00831.jpg,419
http://sdc-legos.s3.amazonaws.com/images/toy_00704.jpg,420
http://sdc-legos.s3.amazonaws.com/images/toy_00225.jpg,421
http://sdc-legos.s3.amazonaws.com/images/toy_00813.jpg,422
http://sdc-legos.s3.amazonaws.com/images/toy_00192.jpg,423
http://sdc-legos.s3.amazonaws.com/images/toy_00166.jpg,424
http://sdc-legos.s3.amazonaws.com/images/toy_00063.jpg,425
http://sdc-legos.s3.amazonaws.com/images/toy_00683.jpg,426
http://sdc-legos.s3.amazonaws.com/images/toy_00776.jpg,427
http://sdc-legos.s3.amazonaws.com/images/toy_00050.jpg,428
http://sdc-legos.s3.amazonaws.com/images/toy_00492.jpg,429
http://sdc-legos.s3.amazonaws.com/images/toy_00733.jpg,430
http://sdc-legos.s3.amazonaws.com/images/toy_00654.jpg,431
http://sdc-legos.s3.amazonaws.com/images/toy_00039.jpg,432
http://sdc-legos.s3.amazonaws.com/images/toy_00955.jpg,433
http://sdc-legos.s3.amazonaws.com/images/toy_00340.jpg,434
http://sdc-legos.s3.amazonaws.com/images/toy_00147.jpg,435
http://sdc-legos.s3.amazonaws.com/images/toy_00525.jpg,436
http://sdc-legos.s3.amazonaws.com/images/toy_00863.jpg,437
http://sdc-legos.s3.amazonaws.com/images/toy_00894.jpg,438
http://sdc-legos.s3.amazonaws.com/images/toy_00409.jpg,439
http://sdc-legos.s3.amazonaws.com/images/toy_00993.jpg,440
http://sdc-legos.s3.amazonaws.com/images/toy_00249.jpg,441
http://sdc-legos.s3.amazonaws.com/images/toy_00492.jpg,442
http://sdc-legos.s3.amazonaws.com/images/toy_00314.jpg,443
http://sdc-legos.s3.amazonaws.com/images/toy_00290.jpg,444
http://sdc-legos.s3.amazonaws.com/images/toy_00412.jpg,445
http://sdc-legos.s3.amazonaws.com/images/toy_00527.jpg,446
http://sdc-legos.s3.amazonaws.com/images/toy_00350.jpg,447
http://sdc-legos.s3.amazonaws.com/images/toy_00201.jpg,448
http://sdc-legos.s3.amazonaws.com/images/toy_00660.jpg,449
http://sdc-legos.s3.amazonaws.com/images/toy_00115.jpg,450
http://sdc-legos.s3.amazonaws.com/images/toy_00604.jpg,451
http://sdc-legos.s3.amazonaws.com/images/toy_00131.jpg,452
http://sdc-legos.s3.amazonaws.com/images/toy_00711.jpg,453
http://sdc-legos.s3.amazonaws.com/images/toy_00872.jpg,454
http://sdc-legos.s3.amazonaws.com/images/toy_00621.jpg,455
http://sdc-legos.s3.amazonaws.com/images/toy_00272.jpg,456
http://sdc-legos.s3.amazonaws.com/images/toy_00085.jpg,457
http://sdc-legos.s3.amazonaws.com/images/toy_00549.jpg,458
http://sdc-legos.s3.amazonaws.com/images/toy_00979.jpg,459
http://sdc-legos.s3.amazonaws.com/images/toy_00087.jpg,460
http://sdc-legos.s3.amazonaws.com/images/toy_00151.jpg,461
http://sdc-legos.s3.amazonaws.com/images/toy_00550.jpg,462
http://sdc-legos.s3.amazonaws.com/images/toy_00018.jpg,463
http://sdc-legos.s3.amazonaws.com/images/toy_00446.jpg,464
http://sdc-legos.s3.amazonaws.com/images/toy_00907.jpg,465
http://sdc-legos.s3.amazonaws.com/images/toy_00280.jpg,466
http://sdc-legos.s3.amazonaws.com/images/toy_00275.jpg,467
http://sdc-legos.s3.amazonaws.com/images/toy_00961.jpg,468
http://sdc-legos.s3.amazonaws.com/images/toy_00503.jpg,469
http://sdc-legos.s3.amazonaws.com/images/toy_00078.jpg,470
http://sdc-legos.s3.amazonaws.com/images/toy_00991.jpg,471
http://sdc-legos.s3.amazonaws.com/images/toy_00180.jpg,472
http://sdc-legos.s3.amazonaws.com/images/toy_00760.jpg,473
http://sdc-legos.s3.amazonaws.com/images/toy_00629.jpg,474
http://sdc-legos.s3.amazonaws.com/images/toy_00071.jpg,475
http://sdc-legos.s3.amazonaws.com/images/toy_00622.jpg,476
http://sdc-legos.s3.amazonaws.com/images/toy_00429.jpg,477
http://sdc-legos.s3.amazonaws.com/images/toy_00632.jpg,478
http://sdc-legos.s3.amazonaws.com/images/toy_00393.jpg,479
http://sdc-legos.s3.amazonaws.com/images/toy_00875.jpg,480
http://sdc-legos.s3.amazonaws.com/images/toy_00904.jpg,481
http://sdc-legos.s3.amazonaws.com/images/toy_00345.jpg,482
http://sdc-legos.s3.amazonaws.com/images/toy_00866.jpg,483
http://sdc-legos.s3.amazonaws.com/images/toy_00721.jpg,484
http://sdc-legos.s3.amazonaws.com/images/toy_00804.jpg,485
http://sdc-legos.s3.amazonaws.com/images/toy_00734.jpg,486
http://sdc-legos.s3.amazonaws.com/images/toy_00884.jpg,487
http://sdc-legos.s3.amazonaws.com/images/toy_00713.jpg,488
http://sdc-legos.s3.amazonaws.com/images/toy_00927.jpg,489
http://sdc-legos.s3.amazonaws.com/images/toy_00243.jpg,490
http://sdc-legos.s3.amazonaws.com/images/toy_00213.jpg,491
http://sdc-legos.s3.amazonaws.com/images/toy_00195.jpg,492
http://sdc-legos.s3.amazonaws.com/images/toy_00229.jpg,493
http://sdc-legos.s3.amazonaws.com/images/toy_00510.jpg,494
http://sdc-legos.s3.amazonaws.com/images/toy_00128.jpg,495
http://sdc-legos.s3.amazonaws.com/images/toy_00050.jpg,496
http://sdc-legos.s3.amazonaws.com/images/toy_00075.jpg,497
http://sdc-legos.s3.amazonaws.com/images/toy_00168.jpg,498
http://sdc-legos.s3.amazonaws.com/images/toy_00106.jpg,499
http://sdc-legos.s3.amazonaws.com/images/toy_00709.jpg,500
http://sdc-legos.s3.amazonaws.com/images/toy_00954.jpg,501
http://sdc-legos.s3.amazonaws.com/images/toy_00771.jpg,502
http://sdc-legos.s3.amazonaws.com/images/toy_00847.jpg,503
http://sdc-legos.s3.amazonaws.com/images/toy_00952.jpg,504
http://sdc-legos.s3.amazonaws.com/images/toy_00155.jpg,505
http://sdc-legos.s3.amazonaws.com/images/toy_00718.jpg,506
http://sdc-legos.s3.amazonaws.com/images/toy_00000.jpg,507
http://sdc-legos.s3.amazonaws.com/images/toy_00227.jpg,508
http://sdc-legos.s3.amazonaws.com/images/toy_00728.jpg,509
http://sdc-legos.s3.amazonaws.com/images/toy_00267.jpg,510
http://sdc-legos.s3.amazonaws.com/images/toy_00751.jpg,511
http://sdc-legos.s3.amazonaws.com/images/toy_00028.jpg,512
http://sdc-legos.s3.amazonaws.com/images/toy_00615.jpg,513
http://sdc-legos.s3.amazonaws.com/images/toy_00668.jpg,514
http://sdc-legos.s3.amazonaws.com/images/toy_00508.jpg,515
http://sdc-legos.s3.amazonaws.com/images/toy_00077.jpg,516
http://sdc-legos.s3.amazonaws.com/images/toy_00089.jpg,517
http://sdc-legos.s3.amazonaws.com/images/toy_00959.jpg,518
http://sdc-legos.s3.amazonaws.com/images/toy_00435.jpg,519
http://sdc-legos.s3.amazonaws.com/images/toy_00982.jpg,520
http://sdc-legos.s3.amazonaws.com/images/toy_00547.jpg,521
http://sdc-legos.s3.amazonaws.com/images/toy_00472.jpg,522
http://sdc-legos.s3.amazonaws.com/images/toy_00924.jpg,523
http://sdc-legos.s3.amazonaws.com/images/toy_00237.jpg,524
http://sdc-legos.s3.amazonaws.com/images/toy_00884.jpg,525
http://sdc-legos.s3.amazonaws.com/images/toy_00821.jpg,526
http://sdc-legos.s3.amazonaws.com/images/toy_00788.jpg,527
http://sdc-legos.s3.amazonaws.com/images/toy_00749.jpg,528
http://sdc-legos.s3.amazonaws.com/images/toy_00175.jpg,529
http://sdc-legos.s3.amazonaws.com/images/toy_00507.jpg,530
http://sdc-legos.s3.amazonaws.com/images/toy_00572.jpg,531
http://sdc-legos.s3.amazonaws.com/images/toy_00686.jpg,532
http://sdc-legos.s3.amazonaws.com/images/toy_00729.jpg,533
http://sdc-legos.s3.amazonaws.com/images/toy_00384.jpg,534
http://sdc-legos.s3.amazonaws.com/images/toy_00460.jpg,535
http://sdc-legos.s3.amazonaws.com/images/toy_00144.jpg,536
http://sdc-legos.s3.amazonaws.com/images/toy_00454.jpg,537
http://sdc-legos.s3.amazonaws.com/images/toy_00442.jpg,538
http://sdc-legos.s3.amazonaws.com/images/toy_00753.jpg,539
http://sdc-legos.s3.amazonaws.com/images/toy_00204.jpg,540
http://sdc-legos.s3.amazonaws.com/images/toy_00490.jpg,541
http://sdc-legos.s3.amazonaws.com/images/toy_00804.jpg,542
http://sdc-legos.s3.amazonaws.com/images/toy_00878.jpg,543
http://sdc-legos.s3.amazonaws.com/images/toy_00957.jpg,544
http://sdc-legos.s3.amazonaws.com/images/toy_00464.jpg,545
http://sdc-legos.s3.amazonaws.com/images/toy_00754.jpg,546
http://sdc-legos.s3.amazonaws.com/images/toy_00339.jpg,547
http://sdc-legos.s3.amazonaws.com/images/toy_00570.jpg,548
http://sdc-legos.s3.amazonaws.com/images/toy_00713.jpg,549
http://sdc-legos.s3.amazonaws.com/images/toy_00190.jpg,550
http://sdc-legos.s3.amazonaws.com/images/toy_00725.jpg,551
http://sdc-legos.s3.amazonaws.com/images/toy_00558.jpg,552
http://sdc-legos.s3.amazonaws.com/images/toy_00220.jpg,553
http://sdc-legos.s3.amazonaws.com/images/toy_00847.jpg,554
http://sdc-legos.s3.amazonaws.com/images/toy_00409.jpg,555
http://sdc-legos.s3.amazonaws.com/images/toy_00731.jpg,556
http://sdc-legos.s3.amazonaws.com/images/toy_00555.jpg,557
http://sdc-legos.s3.amazonaws.com/images/toy_00957.jpg,558
http://sdc-legos.s3.amazonaws.com/images/toy_00101.jpg,559
http://sdc-legos.s3.amazonaws.com/images/toy_00060.jpg,560
http://sdc-legos.s3.amazonaws.com/images/toy_00185.jpg,561
http://sdc-legos.s3.amazonaws.com/images/toy_00074.jpg,562
http://sdc-legos.s3.amazonaws.com/images/toy_00863.jpg,563
http://sdc-legos.s3.amazonaws.com/images/toy_00029.jpg,564
http://sdc-legos.s3.amazonaws.com/images/toy_00251.jpg,565
http://sdc-legos.s3.amazonaws.com/images/toy_00949.jpg,566
http://sdc-legos.s3.amazonaws.com/images/toy_00136.jpg,567
http://sdc-legos.s3.amazonaws.com/images/toy_00346.jpg,568
http://sdc-legos.s3.amazonaws.com/images/toy_00259.jpg,569
http://sdc-legos.s3.amazonaws.com/images/toy_00828.jpg,570
http://sdc-legos.s3.amazonaws.com/images/toy_00175.jpg,571
http://sdc-legos.s3.amazonaws.com/images/toy_00385.jpg,572
http://sdc-legos.s3.amazonaws.com/images/toy_00486.jpg,573
http://sdc-legos.s3.amazonaws.com/images/toy_00924.jpg,574
http://sdc-legos.s3.amazonaws.com/images/toy_00996.jpg,575
http://sdc-legos.s3.amazonaws.com/images/toy_00599.jpg,576
http://sdc-legos.s3.amazonaws.com/images/toy_00487.jpg,577
http://sdc-legos.s3.amazonaws.com/images/toy_00670.jpg,578
http://sdc-legos.s3.amazonaws.com/images/toy_00559.jpg,579
http://sdc-legos.s3.amazonaws.com/images/toy_00992.jpg,580
http://sdc-legos.s3.amazonaws.com/images/toy_00628.jpg,581
http://sdc-legos.s3.amazonaws.com/images/toy_00381.jpg,582
http://sdc-legos.s3.amazonaws.com/images/toy_00593.jpg,583
http://sdc-legos.s3.amazonaws.com/images/toy_00389.jpg,584
http://sdc-legos.s3.amazonaws.com/images/toy_00296.jpg,585
http://sdc-legos.s3.amazonaws.com/images/toy_00718.jpg,586
http://sdc-legos.s3.amazonaws.com/images/toy_00342.jpg,587
http://sdc-legos.s3.amazonaws.com/images/toy_00863.jpg,588
http://sdc-legos.s3.amazonaws.com/images/toy_00124.jpg,589
http://sdc-legos.s3.amazonaws.com/images/toy_00899.jpg,590
http://sdc-legos.s3.amazonaws.com/images/toy_00036.jpg,591
http://sdc-legos.s3.amazonaws.com/images/toy_00239.jpg,592
http://sdc-legos.s3.amazonaws.com/images/toy_00228.jpg,593
http://sdc-legos.s3.amazonaws.com/images/toy_00748.jpg,594
http://sdc-legos.s3.amazonaws.com/images/toy_00593.jpg,595
http://sdc-legos.s3.amazonaws.com/images/toy_00700.jpg,596
http://sdc-legos.s3.amazonaws.com/images/toy_00736.jpg,597
http://sdc-legos.s3.amazonaws.com/images/toy_00678.jpg,598
http://sdc-legos.s3.amazonaws.com/images/toy_00898.jpg,599
http://sdc-legos.s3.amazonaws.com/images/toy_00371.jpg,600
http://sdc-legos.s3.amazonaws.com/images/toy_00073.jpg,601
http://sdc-legos.s3.amazonaws.com/images/toy_00610.jpg,602
http://sdc-legos.s3.amazonaws.com/images/toy_00874.jpg,603
http://sdc-legos.s3.amazonaws.com/images/toy_00955.jpg,604
http://sdc-legos.s3.amazonaws.com/images/toy_00218.jpg,605
http://sdc-legos.s3.amazonaws.com/images/toy_00235.jpg,606
http://sdc-legos.s3.amazonaws.com/images/toy_00868.jpg,607
http://sdc-legos.s3.amazonaws.com/images/toy_00545.jpg,608
http://sdc-legos.s3.amazonaws.com/images/toy_00942.jpg,609
http://sdc-legos.s3.amazonaws.com/images/toy_00655.jpg,610
http://sdc-legos.s3.amazonaws.com/images/toy_00078.jpg,611
http://sdc-legos.s3.amazonaws.com/images/toy_00524.jpg,612
http://sdc-legos.s3.amazonaws.com/images/toy_00066.jpg,613
http://sdc-legos.s3.amazonaws.com/images/toy_00888.jpg,614
http://sdc-legos.s3.amazonaws.com/images/toy_00172.jpg,615
http://sdc-legos.s3.amazonaws.com/images/toy_00026.jpg,616
http://sdc-legos.s3.amazonaws.com/images/toy_00422.jpg,617
http://sdc-legos.s3.amazonaws.com/images/toy_00974.jpg,618
http://sdc-legos.s3.amazonaws.com/images/toy_00135.jpg,619
http://sdc-legos.s3.amazonaws.com/images/toy_00385.jpg,620
http://sdc-legos.s3.amazonaws.com/images/toy_00324.jpg,621
http://sdc-legos.s3.amazonaws.com/images/toy_00733.jpg,622
http://sdc-legos.s3.amazonaws.com/images/toy_00394.jpg,623
http://sdc-legos.s3.amazonaws.com/images/toy_00776.jpg,624
http://sdc-legos.s3.amazonaws.com/images/toy_00375.jpg,625
http://sdc-legos.s3.amazonaws.com/images/toy_00589.jpg,626
http://sdc-legos.s3.amazonaws.com/images/toy_00428.jpg,627
http://sdc-legos.s3.amazonaws.com/images/toy_00404.jpg,628
http://sdc-legos.s3.amazonaws.com/images/toy_00107.jpg,629
http://sdc-legos.s3.amazonaws.com/images/toy_00411.jpg,630
http://sdc-legos.s3.amazonaws.com/images/toy_00258.jpg,631
http://sdc-legos.s3.amazonaws.com/images/toy_00868.jpg,632
http://sdc-legos.s3.amazonaws.com/images/toy_00882.jpg,633
http://sdc-legos.s3.amazonaws.com/images/toy_00306.jpg,634
http://sdc-legos.s3.amazonaws.com/images/toy_00649.jpg,635
http://sdc-legos.s3.amazonaws.com/images/toy_00336.jpg,636
http://sdc-legos.s3.amazonaws.com/images/toy_00484.jpg,637
http://sdc-legos.s3.amazonaws.com/images/toy_00342.jpg,638
http://sdc-legos.s3.amazonaws.com/images/toy_00300.jpg,639
http://sdc-legos.s3.amazonaws.com/images/toy_00818.jpg,640
http://sdc-legos.s3.amazonaws.com/images/toy_00192.jpg,641
http://sdc-legos.s3.amazonaws.com/images/toy_00345.jpg,642
http://sdc-legos.s3.amazonaws.com/images/toy_00872.jpg,643
http://sdc-legos.s3.amazonaws.com/images/toy_00169.jpg,644
http://sdc-legos.s3.amazonaws.com/images/toy_00127.jpg,645
http://sdc-legos.s3.amazonaws.com/images/toy_00710.jpg,646
http://sdc-legos.s3.amazonaws.com/images/toy_00769.jpg,647
http://sdc-legos.s3.amazonaws.com/images/toy_00119.jpg,648
http://sdc-legos.s3.amazonaws.com/images/toy_00934.jpg,649
http://sdc-legos.s3.amazonaws.com/images/toy_00601.jpg,650
http://sdc-legos.s3.amazonaws.com/images/toy_00851.jpg,651
http://sdc-legos.s3.amazonaws.com/images/toy_00981.jpg,652
http://sdc-legos.s3.amazonaws.com/images/toy_00931.jpg,653
http://sdc-legos.s3.amazonaws.com/images/toy_00799.jpg,654
http://sdc-legos.s3.amazonaws.com/images/toy_00544.jpg,655
http://sdc-legos.s3.amazonaws.com/images/toy_00800.jpg,656
http://sdc-legos.s3.amazonaws.com/images/toy_00667.jpg,657
http://sdc-legos.s3.amazonaws.com/images/toy_00490.jpg,658
http://sdc-legos.s3.amazonaws.com/images/toy_00145.jpg,659
http://sdc-legos.s3.amazonaws.com/images/toy_00814.jpg,660
http://sdc-legos.s3.amazonaws.com/images/toy_00171.jpg,661
http://sdc-legos.s3.amazonaws.com/images/toy_00030.jpg,662
http://sdc-legos.s3.amazonaws.com/images/toy_00348.jpg,663
http://sdc-legos.s3.amazonaws.com/images/toy_00493.jpg,664
http://sdc-legos.s3.amazonaws.com/images/toy_00517.jpg,665
http://sdc-legos.s3.amazonaws.com/images/toy_00918.jpg,666
http://sdc-legos.s3.amazonaws.com/images/toy_00226.jpg,667
http://sdc-legos.s3.amazonaws.com/images/toy_00881.jpg,668
http://sdc-legos.s3.amazonaws.com/images/toy_00586.jpg,669
http://sdc-legos.s3.amazonaws.com/images/toy_00941.jpg,670
http://sdc-legos.s3.amazonaws.com/images/toy_00462.jpg,671
http://sdc-legos.s3.amazonaws.com/images/toy_00194.jpg,672
http://sdc-legos.s3.amazonaws.com/images/toy_00735.jpg,673
http://sdc-legos.s3.amazonaws.com/images/toy_00227.jpg,674
http://sdc-legos.s3.amazonaws.com/images/toy_00998.jpg,675
http://sdc-legos.s3.amazonaws.com/images/toy_00492.jpg,676
http://sdc-legos.s3.amazonaws.com/images/toy_00852.jpg,677
http://sdc-legos.s3.amazonaws.com/images/toy_00053.jpg,678
http://sdc-legos.s3.amazonaws.com/images/toy_00393.jpg,679
http://sdc-legos.s3.amazonaws.com/images/toy_00088.jpg,680
http://sdc-legos.s3.amazonaws.com/images/toy_00899.jpg,681
http://sdc-legos.s3.amazonaws.com/images/toy_00052.jpg,682
http://sdc-legos.s3.amazonaws.com/images/toy_00071.jpg,683
http://sdc-legos.s3.amazonaws.com/images/toy_00250.jpg,684
http://sdc-legos.s3.amazonaws.com/images/toy_00846.jpg,685
http://sdc-legos.s3.amazonaws.com/images/toy_00044.jpg,686
http://sdc-legos.s3.amazonaws.com/images/toy_00929.jpg,687
http://sdc-legos.s3.amazonaws.com/images/toy_00308.jpg,688
http://sdc-legos.s3.amazonaws.com/images/toy_00531.jpg,689
http://sdc-legos.s3.amazonaws.com/images/toy_00668.jpg,690
http://sdc-legos.s3.amazonaws.com/images/toy_00859.jpg,691
http://sdc-legos.s3.amazonaws.com/images/toy_00014.jpg,692
http://sdc-legos.s3.amazonaws.com/images/toy_00654.jpg,693
http://sdc-legos.s3.amazonaws.com/images/toy_00552.jpg,694
http://sdc-legos.s3.amazonaws.com/images/toy_00503.jpg,695
http://sdc-legos.s3.amazonaws.com/images/toy_00985.jpg,696
http://sdc-legos.s3.amazonaws.com/images/toy_00129.jpg,697
http://sdc-legos.s3.amazonaws.com/images/toy_00310.jpg,698
http://sdc-legos.s3.amazonaws.com/images/toy_00433.jpg,699
http://sdc-legos.s3.amazonaws.com/images/toy_00546.jpg,700
http://sdc-legos.s3.amazonaws.com/images/toy_00076.jpg,701
http://sdc-legos.s3.amazonaws.com/images/toy_00883.jpg,702
http://sdc-legos.s3.amazonaws.com/images/toy_00937.jpg,703
http://sdc-legos.s3.amazonaws.com/images/toy_00533.jpg,704
http://sdc-legos.s3.amazonaws.com/images/toy_00804.jpg,705
http://sdc-legos.s3.amazonaws.com/images/toy_00464.jpg,706
http://sdc-legos.s3.amazonaws.com/images/toy_00672.jpg,707
http://sdc-legos.s3.amazonaws.com/images/toy_00915.jpg,708
http://sdc-legos.s3.amazonaws.com/images/toy_00617.jpg,709
http://sdc-legos.s3.amazonaws.com/images/toy_00230.jpg,710
http://sdc-legos.s3.amazonaws.com/images/toy_00677.jpg,711
http://sdc-legos.s3.amazonaws.com/images/toy_00220.jpg,712
http://sdc-legos.s3.amazonaws.com/images/toy_00621.jpg,713
http://sdc-legos.s3.amazonaws.com/images/toy_00494.jpg,714
http://sdc-legos.s3.amazonaws.com/images/toy_00080.jpg,715
http://sdc-legos.s3.amazonaws.com/images/toy_00519.jpg,716
http://sdc-legos.s3.amazonaws.com/images/toy_00223.jpg,717
http://sdc-legos.s3.amazonaws.com/images/toy_00617.jpg,718
http://sdc-legos.s3.amazonaws.com/images/toy_00214.jpg,719
http://sdc-legos.s3.amazonaws.com/images/toy_00649.jpg,720
http://sdc-legos.s3.amazonaws.com/images/toy_00372.jpg,721
http://sdc-legos.s3.amazonaws.com/images/toy_00554.jpg,722
http://sdc-legos.s3.amazonaws.com/images/toy_00433.jpg,723
http://sdc-legos.s3.amazonaws.com/images/toy_00684.jpg,724
http://sdc-legos.s3.amazonaws.com/images/toy_00335.jpg,725
http://sdc-legos.s3.amazonaws.com/images/toy_00508.jpg,726
http://sdc-legos.s3.amazonaws.com/images/toy_00847.jpg,727
http://sdc-legos.s3.amazonaws.com/images/toy_00233.jpg,728
http://sdc-legos.s3.amazonaws.com/images/toy_00543.jpg,729
http://sdc-legos.s3.amazonaws.com/images/toy_00221.jpg,730
http://sdc-legos.s3.amazonaws.com/images/toy_00793.jpg,731
http://sdc-legos.s3.amazonaws.com/images/toy_00994.jpg,732
http://sdc-legos.s3.amazonaws.com/images/toy_00168.jpg,733
http://sdc-legos.s3.amazonaws.com/images/toy_00743.jpg,734
http://sdc-legos.s3.amazonaws.com/images/toy_00062.jpg,735
http://sdc-legos.s3.amazonaws.com/images/toy_00900.jpg,736
http://sdc-legos.s3.amazonaws.com/images/toy_00763.jpg,737
http://sdc-legos.s3.amazonaws.com/images/toy_00476.jpg,738
http://sdc-legos.s3.amazonaws.com/images/toy_00567.jpg,739
http://sdc-legos.s3.amazonaws.com/images/toy_00626.jpg,740
http://sdc-legos.s3.amazonaws.com/images/toy_00277.jpg,741
http://sdc-legos.s3.amazonaws.com/images/toy_00628.jpg,742
http://sdc-legos.s3.amazonaws.com/images/toy_00721.jpg,743
http://sdc-legos.s3.amazonaws.com/images/toy_00587.jpg,744
http://sdc-legos.s3.amazonaws.com/images/toy_00531.jpg,745
http://sdc-legos.s3.amazonaws.com/images/toy_00061.jpg,746
http://sdc-legos.s3.amazonaws.com/images/toy_00485.jpg,747
http://sdc-legos.s3.amazonaws.com/images/toy_00785.jpg,748
http://sdc-legos.s3.amazonaws.com/images/toy_00801.jpg,749
http://sdc-legos.s3.amazonaws.com/images/toy_00161.jpg,750
http://sdc-legos.s3.amazonaws.com/images/toy_00046.jpg,751
http://sdc-legos.s3.amazonaws.com/images/toy_00619.jpg,752
http://sdc-legos.s3.amazonaws.com/images/toy_00969.jpg,753
http://sdc-legos.s3.amazonaws.com/images/toy_00686.jpg,754
http://sdc-legos.s3.amazonaws.com/images/toy_00849.jpg,755
http://sdc-legos.s3.amazonaws.com/images/toy_00772.jpg,756
http://sdc-legos.s3.amazonaws.com/images/toy_00984.jpg,757
http://sdc-legos.s3.amazonaws.com/images/toy_00747.jpg,758
http://sdc-legos.s3.amazonaws.com/images/toy_00818.jpg,759
http://sdc-legos.s3.amazonaws.com/images/toy_00490.jpg,760
http://sdc-legos.s3.amazonaws.com/images/toy_00641.jpg,761
http://sdc-legos.s3.amazonaws.com/images/toy_00875.jpg,762
http://sdc-legos.s3.amazonaws.com/images/toy_00758.jpg,763
http://sdc-legos.s3.amazonaws.com/images/toy_00636.jpg,764
http://sdc-legos.s3.amazonaws.com/images/toy_00046.jpg,765
http://sdc-legos.s3.amazonaws.com/images/toy_00419.jpg,766
http://sdc-legos.s3.amazonaws.com/images/toy_00948.jpg,767
http://sdc-legos.s3.amazonaws.com/images/toy_00993.jpg,768
http://sdc-legos.s3.amazonaws.com/images/toy_00604.jpg,769
http://sdc-legos.s3.amazonaws.com/images/toy_00829.jpg,770
http://sdc-legos.s3.amazonaws.com/images/toy_00190.jpg,771
http://sdc-legos.s3.amazonaws.com/images/toy_00690.jpg,772
http://sdc-legos.s3.amazonaws.com/images/toy_00807.jpg,773
http://sdc-legos.s3.amazonaws.com/images/toy_00598.jpg,774
http://sdc-legos.s3.amazonaws.com/images/toy_00915.jpg,775
http://sdc-legos.s3.amazonaws.com/images/toy_00659.jpg,776
http://sdc-legos.s3.amazonaws.com/images/toy_00318.jpg,777
http://sdc-legos.s3.amazonaws.com/images/toy_00746.jpg,778
http://sdc-legos.s3.amazonaws.com/images/toy_00439.jpg,779
http://sdc-legos.s3.amazonaws.com/images/toy_00092.jpg,780
http://sdc-legos.s3.amazonaws.com/images/toy_00380.jpg,781
http://sdc-legos.s3.amazonaws.com/images/toy_00868.jpg,782
http://sdc-legos.s3.amazonaws.com/images/toy_00318.jpg,783
http://sdc-legos.s3.amazonaws.com/images/toy_00474.jpg,784
http://sdc-legos.s3.amazonaws.com/images/toy_00447.jpg,785
http://sdc-legos.s3.amazonaws.com/images/toy_00838.jpg,786
http://sdc-legos.s3.amazonaws.com/images/toy_00725.jpg,787
http://sdc-legos.s3.amazonaws.com/images/toy_00258.jpg,788
http://sdc-legos.s3.amazonaws.com/images/toy_00072.jpg,789
http://sdc-legos.s3.amazonaws.com/images/toy_00066.jpg,790
http://sdc-legos.s3.amazonaws.com/images/toy_00754.jpg,791
http://sdc-legos.s3.amazonaws.com/images/toy_00209.jpg,792
http://sdc-legos.s3.amazonaws.com/images/toy_00643.jpg,793
http://sdc-legos.s3.amazonaws.com/images/toy_00261.jpg,794
http://sdc-legos.s3.amazonaws.com/images/toy_00779.jpg,795
http://sdc-legos.s3.amazonaws.com/images/toy_00523.jpg,796
http://sdc-legos.s3.amazonaws.com/images/toy_00169.jpg,797
http://sdc-legos.s3.amazonaws.com/images/toy_00560.jpg,798
http://sdc-legos.s3.amazonaws.com/images/toy_00509.jpg,799
http://sdc-legos.s3.amazonaws.com/images/toy_00591.jpg,800
http://sdc-legos.s3.amazonaws.com/images/toy_00813.jpg,801
http://sdc-legos.s3.amazonaws.com/images/toy_00446.jpg,802
http://sdc-legos.s3.amazonaws.com/images/toy_00192.jpg,803
http://sdc-legos.s3.amazonaws.com/images/toy_00840.jpg,804
http://sdc-legos.s3.amazonaws.com/images/toy_00906.jpg,805
http://sdc-legos.s3.amazonaws.com/images/toy_00217.jpg,806
http://sdc-legos.s3.amazonaws.com/images/toy_00014.jpg,807
http://sdc-legos.s3.amazonaws.com/images/toy_00822.jpg,808
http://sdc-legos.s3.amazonaws.com/images/toy_00474.jpg,809
http://sdc-legos.s3.amazonaws.com/images/toy_00481.jpg,810
http://sdc-legos.s3.amazonaws.com/images/toy_00754.jpg,811
http://sdc-legos.s3.amazonaws.com/images/toy_00236.jpg,812
http://sdc-legos.s3.amazonaws.com/images/toy_00573.jpg,813
http://sdc-legos.s3.amazonaws.com/images/toy_00429.jpg,814
http://sdc-legos.s3.amazonaws.com/images/toy_00346.jpg,815
http://sdc-legos.s3.amazonaws.com/images/toy_00055.jpg,816
http://sdc-legos.s3.amazonaws.com/images/toy_00516.jpg,817
http://sdc-legos.s3.amazonaws.com/images/toy_00163.jpg,818
http://sdc-legos.s3.amazonaws.com/images/toy_00673.jpg,819
http://sdc-legos.s3.amazonaws.com/images/toy_00806.jpg,820
http://sdc-legos.s3.amazonaws.com/images/toy_00320.jpg,821
http://sdc-legos.s3.amazonaws.com/images/toy_00330.jpg,822
http://sdc-legos.s3.amazonaws.com/images/toy_00770.jpg,823
http://sdc-legos.s3.amazonaws.com/images/toy_00641.jpg,824
http://sdc-legos.s3.amazonaws.com/images/toy_00110.jpg,825
http://sdc-legos.s3.amazonaws.com/images/toy_00757.jpg,826
http://sdc-legos.s3.amazonaws.com/images/toy_00337.jpg,827
http://sdc-legos.s3.amazonaws.com/images/toy_00720.jpg,828
http://sdc-legos.s3.amazonaws.com/images/toy_00183.jpg,829
http://sdc-legos.s3.amazonaws.com/images/toy_00069.jpg,830
http://sdc-legos.s3.amazonaws.com/images/toy_00204.jpg,831
http://sdc-legos.s3.amazonaws.com/images/toy_00309.jpg,832
http://sdc-legos.s3.amazonaws.com/images/toy_00531.jpg,833
http://sdc-legos.s3.amazonaws.com/images/toy_00235.jpg,834
http://sdc-legos.s3.amazonaws.com/images/toy_00727.jpg,835
http://sdc-legos.s3.amazonaws.com/images/toy_00717.jpg,836
http://sdc-legos.s3.amazonaws.com/images/toy_00731.jpg,837
http://sdc-legos.s3.amazonaws.com/images/toy_00819.jpg,838
http://sdc-legos.s3.amazonaws.com/images/toy_00570.jpg,839
http://sdc-legos.s3.amazonaws.com/images/toy_00522.jpg,840
http://sdc-legos.s3.amazonaws.com/images/toy_00389.jpg,841
http://sdc-legos.s3.amazonaws.com/images/toy_00036.jpg,842
http://sdc-legos.s3.amazonaws.com/images/toy_00090.jpg,843
http://sdc-legos.s3.amazonaws.com/images/toy_00938.jpg,844
http://sdc-legos.s3.amazonaws.com/images/toy_00632.jpg,845
http://sdc-legos.s3.amazonaws.com/images/toy_00597.jpg,846
http://sdc-legos.s3.amazonaws.com/images/toy_00220.jpg,847
http://sdc-legos.s3.amazonaws.com/images/toy_00758.jpg,848
http://sdc-legos.s3.amazonaws.com/images/toy_00526.jpg,849
http://sdc-legos.s3.amazonaws.com/images/toy_00885.jpg,850
http://sdc-legos.s3.amazonaws.com/images/toy_00197.jpg,851
http://sdc-legos.s3.amazonaws.com/images/toy_00833.jpg,852
http://sdc-legos.s3.amazonaws.com/images/toy_00813.jpg,853
http://sdc-legos.s3.amazonaws.com/images/toy_00718.jpg,854
http://sdc-legos.s3.amazonaws.com/images/toy_00939.jpg,855
http://sdc-legos.s3.amazonaws.com/images/toy_00731.jpg,856
http://sdc-legos.s3.amazonaws.com/images/toy_00184.jpg,857
http://sdc-legos.s3.amazonaws.com/images/toy_00971.jpg,858
http://sdc-legos.s3.amazonaws.com/images/toy_00189.jpg,859
http://sdc-legos.s3.amazonaws.com/images/toy_00398.jpg,860
http://sdc-legos.s3.amazonaws.com/images/toy_00659.jpg,861
http://sdc-legos.s3.amazonaws.com/images/toy_00680.jpg,862
http://sdc-legos.s3.amazonaws.com/images/toy_00668.jpg,863
http://sdc-legos.s3.amazonaws.com/images/toy_00410.jpg,864
http://sdc-legos.s3.amazonaws.com/images/toy_00717.jpg,865
http://sdc-legos.s3.amazonaws.com/images/toy_00415.jpg,866
http://sdc-legos.s3.amazonaws.com/images/toy_00873.jpg,867
http://sdc-legos.s3.amazonaws.com/images/toy_00199.jpg,868
http://sdc-legos.s3.amazonaws.com/images/toy_00837.jpg,869
http://sdc-legos.s3.amazonaws.com/images/toy_00900.jpg,870
http://sdc-legos.s3.amazonaws.com/images/toy_00657.jpg,871
http://sdc-legos.s3.amazonaws.com/images/toy_00841.jpg,872
http://sdc-legos.s3.amazonaws.com/images/toy_00891.jpg,873
http://sdc-legos.s3.amazonaws.com/images/toy_00781.jpg,874
http://sdc-legos.s3.amazonaws.com/images/toy_00477.jpg,875
http://sdc-legos.s3.amazonaws.com/images/toy_00111.jpg,876
http://sdc-legos.s3.amazonaws.com/images/toy_00082.jpg,877
http://sdc-legos.s3.amazonaws.com/images/toy_00761.jpg,878
http://sdc-legos.s3.amazonaws.com/images/toy_00298.jpg,879
http://sdc-legos.s3.amazonaws.com/images/toy_00573.jpg,880
http://sdc-legos.s3.amazonaws.com/images/toy_00062.jpg,881
http://sdc-legos.s3.amazonaws.com/images/toy_00136.jpg,882
http://sdc-legos.s3.amazonaws.com/images/toy_00127.jpg,883
http://sdc-legos.s3.amazonaws.com/images/toy_00754.jpg,884
http://sdc-legos.s3.amazonaws.com/images/toy_00103.jpg,885
http://sdc-legos.s3.amazonaws.com/images/toy_00803.jpg,886
http://sdc-legos.s3.amazonaws.com/images/toy_00075.jpg,887
http://sdc-legos.s3.amazonaws.com/images/toy_00256.jpg,888
http://sdc-legos.s3.amazonaws.com/images/toy_00186.jpg,889
http://sdc-legos.s3.amazonaws.com/images/toy_00387.jpg,890
http://sdc-legos.s3.amazonaws.com/images/toy_00469.jpg,891
http://sdc-legos.s3.amazonaws.com/images/toy_00129.jpg,892
http://sdc-legos.s3.amazonaws.com/images/toy_00727.jpg,893
http://sdc-legos.s3.amazonaws.com/images/toy_00976.jpg,894
http://sdc-legos.s3.amazonaws.com/images/toy_00012.jpg,895
http://sdc-legos.s3.amazonaws.com/images/toy_00990.jpg,896
http://sdc-legos.s3.amazonaws.com/images/toy_00901.jpg,897
http://sdc-legos.s3.amazonaws.com/images/toy_00550.jpg,898
http://sdc-legos.s3.amazonaws.com/images/toy_00985.jpg,899
http://sdc-legos.s3.amazonaws.com/images/toy_00640.jpg,900
http://sdc-legos.s3.amazonaws.com/images/toy_00471.jpg,901
http://sdc-legos.s3.amazonaws.com/images/toy_00480.jpg,902
http://sdc-legos.s3.amazonaws.com/images/toy_00070.jpg,903
http://sdc-legos.s3.amazonaws.com/images/toy_00837.jpg,904
http://sdc-legos.s3.amazonaws.com/images/toy_00248.jpg,905
http://sdc-legos.s3.amazonaws.com/images/toy_00182.jpg,906
http://sdc-legos.s3.amazonaws.com/images/toy_00654.jpg,907
http://sdc-legos.s3.amazonaws.com/images/toy_00562.jpg,908
http://sdc-legos.s3.amazonaws.com/images/toy_00246.jpg,909
http://sdc-legos.s3.amazonaws.com/images/toy_00756.jpg,910
http://sdc-legos.s3.amazonaws.com/images/toy_00705.jpg,911
http://sdc-legos.s3.amazonaws.com/images/toy_00407.jpg,912
http://sdc-legos.s3.amazonaws.com/images/toy_00475.jpg,913
http://sdc-legos.s3.amazonaws.com/images/toy_00902.jpg,914
http://sdc-legos.s3.amazonaws.com/images/toy_00685.jpg,915
http://sdc-legos.s3.amazonaws.com/images/toy_00934.jpg,916
http://sdc-legos.s3.amazonaws.com/images/toy_00015.jpg,917
http://sdc-legos.s3.amazonaws.com/images/toy_00555.jpg,918
http://sdc-legos.s3.amazonaws.com/images/toy_00616.jpg,919
http://sdc-legos.s3.amazonaws.com/images/toy_00191.jpg,920
http://sdc-legos.s3.amazonaws.com/images/toy_00032.jpg,921
http://sdc-legos.s3.amazonaws.com/images/toy_00160.jpg,922
http://sdc-legos.s3.amazonaws.com/images/toy_00352.jpg,923
http://sdc-legos.s3.amazonaws.com/images/toy_00650.jpg,924
http://sdc-legos.s3.amazonaws.com/images/toy_00360.jpg,925
http://sdc-legos.s3.amazonaws.com/images/toy_00985.jpg,926
http://sdc-legos.s3.amazonaws.com/images/toy_00111.jpg,927
http://sdc-legos.s3.amazonaws.com/images/toy_00044.jpg,928
http://sdc-legos.s3.amazonaws.com/images/toy_00005.jpg,929
http://sdc-legos.s3.amazonaws.com/images/toy_00837.jpg,930
http://sdc-legos.s3.amazonaws.com/images/toy_00708.jpg,931
http://sdc-legos.s3.amazonaws.com/images/toy_00431.jpg,932
http://sdc-legos.s3.amazonaws.com/images/toy_00727.jpg,933
http://sdc-legos.s3.amazonaws.com/images/toy_00914.jpg,934
http://sdc-legos.s3.amazonaws.com/images/toy_00075.jpg,935
http://sdc-legos.s3.amazonaws.com/images/toy_00854.jpg,936
http://sdc-legos.s3.amazonaws.com/images/toy_00059.jpg,937
http://sdc-legos.s3.amazonaws.com/images/toy_00856.jpg,938
http://sdc-legos.s3.amazonaws.com/images/toy_00984.jpg,939
http://sdc-legos.s3.amazonaws.com/images/toy_00098.jpg,940
http://sdc-legos.s3.amazonaws.com/images/toy_00284.jpg,941
http://sdc-legos.s3.amazonaws.com/images/toy_00993.jpg,942
http://sdc-legos.s3.amazonaws.com/images/toy_00791.jpg,943
http://sdc-legos.s3.amazonaws.com/images/toy_00088.jpg,944
http://sdc-legos.s3.amazonaws.com/images/toy_00615.jpg,945
http://sdc-legos.s3.amazonaws.com/images/toy_00308.jpg,946
http://sdc-legos.s3.amazonaws.com/images/toy_00243.jpg,947
http://sdc-legos.s3.amazonaws.com/images/toy_00539.jpg,948
http://sdc-legos.s3.amazonaws.com/images/toy_00117.jpg,949
http://sdc-legos.s3.amazonaws.com/images/toy_00112.jpg,950
http://sdc-legos.s3.amazonaws.com/images/toy_00463.jpg,951
http://sdc-legos.s3.amazonaws.com/images/toy_00619.jpg,952
http://sdc-legos.s3.amazonaws.com/images/toy_00155.jpg,953
http://sdc-legos.s3.amazonaws.com/images/toy_00750.jpg,954
http://sdc-legos.s3.amazonaws.com/images/toy_00945.jpg,955
http://sdc-legos.s3.amazonaws.com/images/toy_00502.jpg,956
http://sdc-legos.s3.amazonaws.com/images/toy_00718.jpg,957
http://sdc-legos.s3.amazonaws.com/images/toy_00501.jpg,958
http://sdc-legos.s3.amazonaws.com/images/toy_00071.jpg,959
http://sdc-legos.s3.amazonaws.com/images/toy_00994.jpg,960
http://sdc-legos.s3.amazonaws.com/images/toy_00037.jpg,961
http://sdc-legos.s3.amazonaws.com/images/toy_00402.jpg,962
http://sdc-legos.s3.amazonaws.com/images/toy_00103.jpg,963
http://sdc-legos.s3.amazonaws.com/images/toy_00037.jpg,964
http://sdc-legos.s3.amazonaws.com/images/toy_00767.jpg,965
http://sdc-legos.s3.amazonaws.com/images/toy_00634.jpg,966
http://sdc-legos.s3.amazonaws.com/images/toy_00053.jpg,967
http://sdc-legos.s3.amazonaws.com/images/toy_00018.jpg,968
http://sdc-legos.s3.amazonaws.com/images/toy_00458.jpg,969
http://sdc-legos.s3.amazonaws.com/images/toy_00192.jpg,970
http://sdc-legos.s3.amazonaws.com/images/toy_00751.jpg,971
http://sdc-legos.s3.amazonaws.com/images/toy_00133.jpg,972
http://sdc-legos.s3.amazonaws.com/images/toy_00500.jpg,973
http://sdc-legos.s3.amazonaws.com/images/toy_00030.jpg,974
http://sdc-legos.s3.amazonaws.com/images/toy_00345.jpg,975
http://sdc-legos.s3.amazonaws.com/images/toy_00145.jpg,976
http://sdc-legos.s3.amazonaws.com/images/toy_00855.jpg,977
http://sdc-legos.s3.amazonaws.com/images/toy_00224.jpg,978
http://sdc-legos.s3.amazonaws.com/images/toy_00602.jpg,979
http://sdc-legos.s3.amazonaws.com/images/toy_00393.jpg,980
http://sdc-legos.s3.amazonaws.com/images/toy_00140.jpg,981
http://sdc-legos.s3.amazonaws.com/images/toy_00396.jpg,982
http://sdc-legos.s3.amazonaws.com/images/toy_00001.jpg,983
http://sdc-legos.s3.amazonaws.com/images/toy_00562.jpg,984
http://sdc-legos.s3.amazonaws.com/images/toy_00715.jpg,985
http://sdc-legos.s3.amazonaws.com/images/toy_00089.jpg,986
http://sdc-legos.s3.amazonaws.com/images/toy_00236.jpg,987
http://sdc-legos.s3.amazonaws.com/images/toy_00050.jpg,988
http://sdc-legos.s3.amazonaws.com/images/toy_00149.jpg,989
http://sdc-legos.s3.amazonaws.com/images/toy_00091.jpg,990
http://sdc-legos.s3.amazonaws.com/images/toy_00919.jpg,991
http://sdc-legos.s3.amazonaws.com/images/toy_00462.jpg,992
http://sdc-legos.s3.amazonaws.com/images/toy_00305.jpg,993
http://sdc-legos.s3.amazonaws.com/images/toy_00291.jpg,994
http://sdc-legos.s3.amazonaws.com/images/toy_00498.jpg,995
http://sdc-legos.s3.amazonaws.com/images/toy_00580.jpg,996
http://sdc-legos.s3.amazonaws.com/images/toy_00613.jpg,997
http://sdc-legos.s3.amazonaws.com/images/toy_00580.jpg,998
http://sdc-legos.s3.amazonaws.com/images/toy_00468.jpg,999
http://sdc-legos.s3.amazonaws.com/images/toy_00858.jpg,1000
